86 1.097209
1219 1.248687
1183 1.241462
1181 1.253641
1872 1.259087
123 1.115366
1230 1.254967
416 1.204063
1904 1.258424
50 1.005000
560 1.232107
808 1.241993
366 1.202869
488 1.219119
458 1.210830
913 1.238795
1834 1.254531
1031 1.241688
1381 1.251340
265 1.185849
185 1.165838
1374 1.255873
1401 1.244661
363 1.206694
1800 1.261317
1679 1.253937
1742 1.252428
345 1.212899
861 1.237921
35 0.963714
1846 1.257026
928 1.250485
321 1.192928
639 1.236166
1087 1.236964
360 1.203472
27 0.916667
1554 1.249691
16 0.783125
1407 1.252694
685 1.233416
808 1.229988
1414 1.255983
1697 1.254808
1357 1.254562
1146 1.243770
156 1.162628
647 1.218284
1832 1.267817
160 1.141687
1349 1.252876
1614 1.257429
914 1.245077
1213 1.251336
286 1.190000
1002 1.244711
1204 1.255332
65 1.071231
1206 1.245299
210 1.180476
698 1.233639
1268 1.245891
519 1.226146
1104 1.244402
1062 1.241535
1035 1.250676
340 1.202912
1720 1.255180
1161 1.244858
400 1.219850
1503 1.253160
1247 1.244178
219 1.166986
1208 1.245190
724 1.237320
798 1.234900
409 1.193643
1713 1.263508
938 1.239776
603 1.224245
1419 1.253073
1088 1.241140
1318 1.258194
1858 1.254968
915 1.234437
472 1.216483
1242 1.249855
597 1.223819
1927 1.256866
1711 1.255739
356 1.206096
704 1.236435
337 1.198724
702 1.236624
315 1.192190
1366 1.255059
1574 1.262789
1209 1.244003
600 1.223600
270 1.191481
459 1.230044
837 1.240908
1644 1.254027
638 1.234028
1013 1.237295
484 1.216591
476 1.215168
1925 1.260239
1730 1.258983
727 1.238294
189 1.177090
638 1.220470
79 1.088101
1779 1.258252
420 1.216714
1047 1.241414
1799 1.258282
1009 1.248484
1152 1.252899
361 1.206288
991 1.232008
166 1.177289
1041 1.240557
216 1.181667
1814 1.255827
338 1.208432
1802 1.257475
1642 1.256912
701 1.240328
1713 1.251827
960 1.241375
511 1.220998
376 1.205585
218 1.164404
536 1.224776
713 1.238499
1285 1.251922
1070 1.243738
1833 1.251086
1978 1.262174
720 1.239986
229 1.184978
1471 1.249443
263 1.185970
1027 1.237322
1593 1.252040
348 1.204282
1649 1.255270
984 1.246016
1431 1.253627
1580 1.255905
868 1.243445
87 1.084943
240 1.174792
1468 1.255048
831 1.241528
1803 1.258841
661 1.235930
994 1.241559
1209 1.251373
5 0.466000
133 1.132932
1006 1.236660
30 0.884000
883 1.229105
1523 1.256822
1908 1.258643
703 1.232930
1485 1.250842
753 1.237437
1591 1.253363
776 1.248492
987 1.245694
1321 1.251370
519 1.218478
1475 1.257044
612 1.234657
1132 1.247235
946 1.238763
1884 1.262399
344 1.215901
655 1.232214
1228 1.249202
1099 1.251438
1459 1.251618
81 1.113704
344 1.215843
936 1.238932
1027 1.244781
1133 1.253274
535 1.217794
1158 1.249370
220 1.189864
1125 1.246498
627 1.228134
810 1.241914
1016 1.242608
120 1.134583
1743 1.256936
819 1.238523
404 1.217698
1216 1.251908
825 1.242145
79 1.090886
397 1.204509
891 1.237015
1496 1.251771
960 1.245688
1619 1.255164
1641 1.261603
1320 1.251500
856 1.246507
346 1.215520
1214 1.242059
1221 1.250770
894 1.238758
1522 1.260710
1807 1.256995
331 1.198761
1041 1.235946
1533 1.249250
869 1.242819
1550 1.251729
797 1.232484
1557 1.260340
800 1.232188
980 1.244969
341 1.210440
1372 1.240678
1307 1.252693
306 1.202386
1876 1.255352
468 1.229038
571 1.227058
1886 1.258155
543 1.226390
251 1.182271
786 1.232595
276 1.188877
1152 1.244523
401 1.225736
357 1.194006
415 1.207566
1327 1.253700
1582 1.254368
758 1.233799
253 1.171700
291 1.202577
62 1.023710
644 1.225481
1280 1.246672
1376 1.258154
1683 1.256673
1763 1.252950
493 1.217951
1981 1.261954
27 0.921852
369 1.215989
268 1.197276
544 1.218658
1002 1.249860
673 1.233536
1521 1.253228
1236 1.252840
1786 1.253024
1391 1.259245
118 1.122034
1191 1.247884
1214 1.247521
69 1.037681
898 1.241069
1585 1.248416
198 1.159747
1294 1.247094
415 1.208916
342 1.212953
758 1.236873
1956 1.260092
598 1.236221
751 1.227443
123 1.136829
1016 1.242411
1307 1.254973
1343 1.247342
1 0.000000
767 1.225867
712 1.226166
407 1.208771
22 0.882273
530 1.230189
1396 1.250688
643 1.222784
1653 1.254289
837 1.235436
736 1.233696
1582 1.250310
1115 1.244780
855 1.240304
419 1.210668
1054 1.238510
798 1.246516
638 1.229890
446 1.212511
1401 1.248622
1403 1.247106
406 1.218374
1863 1.260424
540 1.229796
640 1.240453
128 1.113750
1907 1.259974
719 1.239249
1914 1.256442
327 1.209817
1611 1.253544
1516 1.247803
1956 1.258466
534 1.212397
860 1.246116
1757 1.256665
763 1.233644
58 1.021379
433 1.215473
1489 1.252317
1743 1.253569
686 1.240641
1527 1.249483
1459 1.257663
932 1.241706
638 1.230690
1425 1.251782
100 1.113900
1153 1.254120
254 1.189370
1428 1.255623
450 1.215578
898 1.232751
1495 1.257512
1220 1.256418
215 1.165860
950 1.232358
1415 1.255265
1898 1.263504
558 1.234875
1134 1.248986
244 1.168443
234 1.167179
79 1.085316
420 1.218833
144 1.168056
399 1.220602
1872 1.258990
684 1.236550
281 1.199644
630 1.228889
591 1.239069
639 1.232473
1913 1.253769
1533 1.251448
1224 1.252908
331 1.205650
193 1.168135
1588 1.244906
715 1.232000
377 1.218886
1732 1.257390
784 1.241913
785 1.233236
1572 1.260115
1211 1.247647
359 1.199889
1871 1.257477
481 1.218649
445 1.214607
970 1.237691
1580 1.249595
1160 1.239966
79 1.071139
658 1.225304
847 1.231995
13 0.721538
1339 1.256400
1982 1.260696
1242 1.251184
1436 1.247730
1949 1.260888
1960 1.259867
449 1.218686
1466 1.251869
1757 1.261144
1960 1.260536
382 1.212906
185 1.155135
237 1.171013
1256 1.253471
764 1.239581
222 1.182027
337 1.210950
560 1.237054
871 1.234156
1188 1.250707
1922 1.255890
724 1.232251
1840 1.260168
219 1.186301
1967 1.259634
618 1.227751
1956 1.254238
1553 1.252434
949 1.242318
86 1.085000
1591 1.242181
386 1.209016
1973 1.255195
1771 1.259684
844 1.246244
891 1.235185
506 1.220751
1875 1.257824
1489 1.254399
909 1.249142
252 1.192460
1869 1.255629
1953 1.257599
392 1.204566
1461 1.254524
1249 1.246445
1654 1.251294
29 0.925862
1597 1.255974
1274 1.251703
386 1.219948
1171 1.251170
1413 1.244112
1425 1.257691
1370 1.250066
70 1.063429
211 1.170190
1555 1.252424
543 1.225506
1251 1.249760
1987 1.253498
1621 1.253498
1640 1.258829
1925 1.257127
87 1.084828
1122 1.245276
584 1.240908
1394 1.248989
1005 1.239025
1029 1.234218
1377 1.259506
314 1.201815
82 1.103902
1905 1.261643
1156 1.244074
636 1.227044
1313 1.246550
1369 1.250482
1106 1.254521
403 1.206923
1742 1.258571
833 1.237731
1056 1.251837
1479 1.250399
1645 1.259684
1468 1.252984
159 1.134717
770 1.241805
873 1.239141
24 0.880000
1160 1.249560
1982 1.256811
1876 1.260197
1473 1.252614
847 1.239492
371 1.209326
1113 1.247763
1791 1.258386
997 1.247031
915 1.238503
1588 1.249685
1407 1.239964
1753 1.253765
814 1.245676
768 1.220065
708 1.235537
1974 1.262720
1701 1.256096
338 1.198639
1369 1.250029
1782 1.254792
1845 1.259019
1152 1.251970
139 1.163741
1721 1.257403
1297 1.250648
1335 1.247648
1944 1.253637
1286 1.250047
921 1.241553
660 1.239394
828 1.239481
1373 1.253787
1409 1.249425
1265 1.252664
1714 1.257019
1861 1.259957
977 1.244422
1038 1.240019
1175 1.250528
1733 1.255741
274 1.203686
1119 1.245389
640 1.224656
561 1.225258
1247 1.242606
1527 1.250098
1204 1.251246
334 1.202725
1278 1.252066
1722 1.251696
1726 1.254560
85 1.102588
102 1.115490
1239 1.250662
1765 1.255263
386 1.204223
1083 1.246500
844 1.234787
8 0.608750
776 1.240657
166 1.154458
1143 1.250814
211 1.169668
342 1.191491
1728 1.255347
1792 1.256953
102 1.106078
1267 1.242455
101 1.115545
1956 1.254269
1740 1.258994
558 1.227760
840 1.249369
655 1.229267
1124 1.248167
1961 1.256415
542 1.230959
873 1.238190
1845 1.251176
1438 1.257385
971 1.244253
1703 1.253147
516 1.222287
1638 1.253394
1170 1.242316
41 0.988293
1369 1.250241
109 1.113670
1139 1.244750
335 1.202358
824 1.245910
776 1.231959
1119 1.250045
83 1.085181
1251 1.245084
939 1.240362
1820 1.253978
794 1.238426
69 1.085507
1723 1.255252
564 1.225816
16 0.809375
1285 1.250911
205 1.172244
200 1.159800
187 1.163529
375 1.210720
1958 1.253611
1609 1.249434
1062 1.241563
882 1.238900
117 1.122564
1349 1.259170
531 1.214049
1967 1.255709
723 1.242517
160 1.132000
387 1.218243
1460 1.251795
1735 1.259303
1919 1.260162
342 1.221813
1758 1.258953
1089 1.241772
1954 1.259463
1243 1.236484
411 1.207518
374 1.203984
138 1.131377
1998 1.255115
49 1.021837
722 1.233061
302 1.189834
1839 1.256340
1914 1.256536
921 1.243214
803 1.240199
529 1.219773
1441 1.251048
1849 1.253440
338 1.201420
1388 1.252810
313 1.190703
414 1.215362
750 1.234173
803 1.240087
1229 1.257445
954 1.242358
1865 1.255705
368 1.218940
1881 1.260952
1070 1.249196
462 1.211970
1587 1.255520
816 1.237598
49 1.026531
195 1.168718
1650 1.258715
785 1.242038
1644 1.256904
1275 1.251537
1885 1.252239
1425 1.262477
1427 1.245767
1414 1.253564
293 1.197611
1245 1.249277
572 1.240594
277 1.201661
1889 1.257687
347 1.204726
1107 1.245303
150 1.159867
630 1.241048
1953 1.259032
1808 1.255669
300 1.193233
1707 1.261992
862 1.245510
1802 1.256509
237 1.189241
176 1.156705
767 1.235033
369 1.211653
1061 1.241074
1480 1.241885
1925 1.260203
767 1.240600
114 1.120702
1335 1.248195
343 1.208834
348 1.201063
737 1.246798
1037 1.245053
1547 1.250349
533 1.228649
1718 1.256799
543 1.219263
14 0.730000
12 0.711667
1314 1.243135
1062 1.243748
1116 1.246882
806 1.245236
1449 1.253216
1709 1.257045
1028 1.246245
192 1.174271
1943 1.258775
1107 1.248094
1489 1.247515
669 1.226996
201 1.190846
1818 1.260820
1600 1.251894
482 1.214647
556 1.230863
910 1.241385
409 1.218044
208 1.173462
238 1.182437
1176 1.248325
64 1.042500
1490 1.253919
442 1.215294
1648 1.256450
1318 1.251161
598 1.226722
1501 1.253511
1601 1.252149
13 0.766923
681 1.228708
92 1.109891
111 1.112072
443 1.221377
346 1.210145
1338 1.260149
1084 1.243792
1898 1.259041
1200 1.252342
198 1.177424
43 1.026977
344 1.201424
1584 1.258630
970 1.237474
1612 1.260664
526 1.220380
304 1.194770
1716 1.259050
1769 1.253782
719 1.233463
427 1.211030
783 1.246577
317 1.198044
211 1.170237
76 1.058947
6 0.526667
683 1.237628
1331 1.251690
1080 1.250861
40 0.956500
328 1.201616
548 1.221898
160 1.145812
1662 1.252990
831 1.233959
1959 1.253272
596 1.230772
562 1.226815
79 1.054177
995 1.236442
1541 1.251038
955 1.247152
246 1.184593
1883 1.260324
520 1.223019
1564 1.250045
1162 1.252969
367 1.213842
798 1.231930
570 1.233877
790 1.238101
667 1.245307
1717 1.256651
447 1.212550
1700 1.261841
84 1.080952
544 1.239485
964 1.248288
1809 1.251227
164 1.155061
323 1.199102
428 1.207173
558 1.229767
804 1.229279
326 1.198313
114 1.117105
104 1.112692
191 1.184031
300 1.202433
1557 1.261227
290 1.177690
1392 1.252177
842 1.235059
7 0.538571
1268 1.249984
251 1.179044
603 1.231758
1344 1.246302
1910 1.251314
450 1.215267
1932 1.259193
111 1.115766
1246 1.248756
880 1.237398
303 1.211287
1172 1.247235
305 1.200131
1525 1.245390
125 1.140480
421 1.215962
1422 1.254311
650 1.233415
1556 1.257069
1392 1.254045
502 1.212749
611 1.230540
428 1.234673
477 1.225346
769 1.234252
1879 1.259776
1186 1.246256
1934 1.256344
1793 1.252030
1488 1.249711
1617 1.258268
319 1.198777
615 1.225593
1978 1.250789
1889 1.258703
735 1.228000
729 1.234787
1152 1.248038
810 1.241420
293 1.212628
1435 1.248383
221 1.179412
716 1.233813
728 1.240893
1967 1.255089
727 1.236878
1340 1.252575
330 1.190788
175 1.145829
1985 1.260892
1074 1.246434
734 1.241921
870 1.234747
1518 1.259460
783 1.245683
1199 1.247648
86 1.101977
1770 1.259599
626 1.233275
1749 1.254889
311 1.200740
1409 1.251320
771 1.230324
1698 1.257668
1807 1.259109
1070 1.243336
1059 1.248281
1687 1.251559
1631 1.258271
1436 1.254540
652 1.229018
1738 1.248366
1703 1.255279
1520 1.249237
1525 1.252446
748 1.231832
266 1.185075
550 1.231655
841 1.236623
1964 1.255015
1715 1.257312
1341 1.251365
1989 1.260679
173 1.163179
1530 1.257157
1750 1.255960
591 1.226345
1483 1.253136
1801 1.261632
874 1.238146
499 1.227735
1187 1.249596
1052 1.257196
1280 1.248297
580 1.227828
281 1.186619
112 1.135625
273 1.199194
1768 1.251114
613 1.224682
1035 1.244995
1460 1.249555
1237 1.253719
1879 1.252618
1072 1.243806
366 1.207022
1138 1.250756
1391 1.255090
595 1.229580
1485 1.258088
1548 1.245181
884 1.235147
238 1.171723
1662 1.249807
1418 1.257447
104 1.115192
1476 1.248652
794 1.236234
956 1.241810
48 1.010417
1443 1.245620
1355 1.251306
1477 1.259391
449 1.219220
1665 1.254192
1497 1.247675
1053 1.243818
853 1.237573
1029 1.248319
1631 1.254500
655 1.235359
1179 1.247718
1871 1.260208
788 1.238655
880 1.246420
213 1.189671
1969 1.259655
1592 1.256633
1963 1.261126
212 1.176792
1524 1.258071
1392 1.255022
1721 1.250012
1859 1.253857
1972 1.256988
1899 1.256530
101 1.111980
1242 1.249734
1638 1.260055
86 1.095349
940 1.241585
1245 1.257181
551 1.227677
535 1.222467
1865 1.257212
3 0.310000
127 1.113386
63 1.021111
302 1.187450
1333 1.246212
1658 1.253160
571 1.228004
1032 1.245078
1583 1.253992
798 1.239962
1898 1.256849
826 1.237785
1685 1.248421
661 1.220575
1517 1.259018
1985 1.261753
1739 1.254980
1103 1.245313
362 1.204586
1180 1.251958
756 1.234709
1444 1.258580
1882 1.256929
519 1.225626
1109 1.256862
1846 1.255785
35 0.971429
1728 1.255046
1905 1.262252
920 1.239739
647 1.244451
300 1.201767
102 1.105686
1653 1.254428
1611 1.256269
1247 1.242141
299 1.201672
358 1.201844
1305 1.249954
984 1.235722
1004 1.243914
1920 1.252599
540 1.224259
1510 1.251046
1547 1.250226
1805 1.255662
1488 1.251794
1956 1.252178
1192 1.257852
1255 1.255371
1600 1.251119
1185 1.250489
100 1.103200
1545 1.258311
377 1.209576
1723 1.257295
1180 1.244712
1136 1.249137
1656 1.258684
164 1.166037
1579 1.258284
1869 1.256934
1230 1.252390
1773 1.258545
1545 1.249113
1508 1.252407
256 1.195898
97 1.119691
