4137 1046.119168
2736 697.439327
5434 1369.299411
982 247.541752
15390 3842.341131
7629 1887.961987
11277 2835.384056
5120 1296.824219
6980 1741.127507
15642 3920.853855
11239 2761.612243
8503 2117.314948
3571 893.688603
2198 556.514104
12357 3087.933317
2241 554.823293
10641 2631.852927
19955 4993.700576
5185 1296.593635
19320 4823.735404
1601 392.111181
10750 2677.133209
6190 1523.266397
16271 4016.019175
15471 3876.193329
17984 4466.844473
12479 3137.767369
4716 1187.454835
11210 2793.251829
13004 3251.484389
4227 1039.891412
2523 633.780420
416 96.975962
13406 3350.049157
18694 4707.384027
4661 1185.041622
9023 2231.652222
2919 716.262076
3684 928.597720
802 192.719451
1669 432.563811
13743 3415.540130
18320 4542.781332
5154 1275.521731
9712 2419.339374
1012 261.409091
12919 3224.763836
12596 3142.002064
7585 1902.178774
16137 4043.427899
15197 3814.906231
7080 1780.891384
17152 4271.067572
17068 4262.554898
1627 397.439459
1494 371.264391
1743 433.874928
4032 991.154018
16624 4147.201275
4851 1218.925582
14572 3660.617760
15306 3781.936626
14474 3647.198908
19650 4899.457150
2262 557.415561
11044 2755.609018
842 202.225653
6539 1647.067900
1521 376.801446
9219 2291.807246
10095 2542.322833
19253 4783.781592
14042 3496.107677
15696 3906.394687
7949 1980.156120
7422 1880.474131
19940 5005.783902
17798 4443.181987
19038 4754.857285
882 224.623583
19473 4864.291121
5433 1355.503037
12998 3275.532467
16903 4224.259066
13844 3457.494294
4744 1196.233769
14074 3503.607361
1150 283.793913
12720 3150.307704
3128 792.901535
18160 4528.747467
2975 738.962017
11530 2876.149089
17216 4307.545888
11709 2907.760099
9008 2271.543295
16706 4215.922962
13275 3324.280377
12334 3112.269094
12290 3094.184622
