1833 1.257921
813 1.239262
1652 1.253027
1324 1.253656
1925 1.259647
1014 1.245217
749 1.231802
1582 1.254393
648 1.234090
1445 1.259128
1433 1.249177
1206 1.251070
702 1.217863
1627 1.261205
1772 1.255322
785 1.240866
448 1.206161
680 1.238515
1485 1.253071
834 1.245923
208 1.169856
131 1.127481
1215 1.254519
488 1.213791
1969 1.262509
1909 1.257496
1368 1.256082
554 1.227148
1625 1.251298
1405 1.255694
315 1.205683
495 1.212505
658 1.247675
1973 1.253943
708 1.243927
863 1.242352
1745 1.254258
69 1.078406
1705 1.252804
988 1.245617
94 1.079787
1783 1.252860
414 1.212126
1607 1.247872
121 1.136281
1299 1.251255
752 1.231676
221 1.176109
1685 1.257039
953 1.245100
690 1.230652
1867 1.257906
498 1.218173
1461 1.250794
517 1.213172
384 1.214792
764 1.232055
171 1.150585
636 1.242374
531 1.216761
1192 1.253381
453 1.220044
1812 1.258631
683 1.236999
994 1.232163
1467 1.250600
1416 1.255212
1975 1.255084
1994 1.251635
1949 1.252201
1166 1.256930
1182 1.253596
282 1.190638
619 1.235897
1530 1.249490
1152 1.249575
1450 1.255400
844 1.242654
1091 1.251723
770 1.227662
1836 1.262718
1682 1.250440
887 1.237632
1932 1.262003
1089 1.242011
1628 1.257346
942 1.235626
1775 1.254744
1770 1.262819
164 1.156341
890 1.236090
1917 1.254658
463 1.219006
986 1.242353
1208 1.249156
1621 1.253831
1351 1.249452
792 1.240429
511 1.234462
297 1.197980
492 1.214817
824 1.234090
513 1.206335
97 1.110825
1826 1.255131
343 1.207522
1690 1.258970
1643 1.255386
1804 1.249035
1813 1.255389
1070 1.246738
1472 1.256359
1882 1.259028
493 1.216815
1418 1.255183
193 1.158705
1647 1.253260
147 1.145238
467 1.205418
1802 1.257031
217 1.151843
375 1.194827
61 1.024918
731 1.231313
454 1.233700
1275 1.252706
1728 1.259612
1629 1.252327
969 1.238844
1028 1.242889
989 1.244793
1950 1.254621
382 1.210681
1185 1.242852
1730 1.254335
438 1.208790
181 1.175083
1262 1.247448
16 0.778750
1644 1.250237
1818 1.253553
1054 1.240569
328 1.199604
1651 1.257813
1005 1.241741
699 1.220844
911 1.238244
697 1.223716
427 1.219883
923 1.245840
1644 1.254982
910 1.239648
1299 1.250493
1179 1.248414
1228 1.249707
1559 1.249788
487 1.224990
1840 1.254065
87 1.101609
1601 1.260725
1232 1.253157
248 1.189113
397 1.209370
1319 1.251205
1084 1.247435
477 1.221216
1207 1.249453
1564 1.252685
1377 1.255984
429 1.216107
617 1.227277
1205 1.246008
927 1.239407
1839 1.253165
1936 1.259163
1931 1.261362
349 1.201691
372 1.208710
1180 1.249271
1977 1.254876
167 1.168084
80 1.082250
1202 1.251656
79 1.075570
329 1.196596
428 1.222360
1671 1.248486
766 1.235522
1466 1.253035
206 1.163932
408 1.208235
783 1.236028
497 1.216157
326 1.211779
228 1.175395
387 1.208036
989 1.239403
1607 1.253603
255 1.166039
1533 1.250502
757 1.239392
1906 1.249638
344 1.214651
1643 1.258612
794 1.231549
861 1.243519
711 1.234332
1214 1.252150
520 1.223923
1616 1.250675
633 1.218057
1666 1.252383
1736 1.255766
301 1.186711
1235 1.251951
202 1.177327
606 1.233498
146 1.149452
730 1.240205
1341 1.255227
1166 1.253259
1886 1.257794
1892 1.256734
55 1.030909
1315 1.248578
1793 1.256408
221 1.179140
1151 1.246916
816 1.235061
1940 1.262351
1762 1.252843
1931 1.255805
1526 1.258820
765 1.236680
1184 1.243716
985 1.243888
1326 1.249276
1983 1.255880
1092 1.251154
604 1.234089
1794 1.247631
787 1.234676
1314 1.249977
291 1.197010
1686 1.254899
1140 1.248491
1162 1.245895
1444 1.248795
1005 1.240806
331 1.206193
116 1.138793
1804 1.252262
1789 1.249860
191 1.146859
1868 1.252741
710 1.244676
1759 1.255827
902 1.242749
514 1.228405
109 1.120275
1213 1.247791
886 1.240451
836 1.236483
618 1.237508
479 1.213194
1733 1.264541
32 0.914687
1558 1.252394
237 1.173544
222 1.171532
1154 1.250546
521 1.210384
562 1.214448
1068 1.244438
590 1.228441
548 1.222427
904 1.251117
1618 1.252373
113 1.114248
367 1.193324
1427 1.256615
608 1.225921
734 1.225695
903 1.240797
798 1.248772
1445 1.254035
980 1.231969
926 1.233294
828 1.239118
1004 1.245179
1660 1.251114
940 1.248840
676 1.231331
1915 1.253807
119 1.119244
688 1.223924
1321 1.257267
1022 1.246135
899 1.240489
882 1.244773
