298 71.560403
1485 366.830303
429 104.773893
564 141.462766
401 91.987531
1026 247.011696
747 184.077644
1617 412.076067
634 158.350158
1831 469.646095
1416 351.622175
1438 351.624478
868 216.115207
609 144.073892
939 236.693291
60 12.083333
1712 427.975467
1701 422.596708
1370 338.512409
1474 365.919267
1734 430.882353
144 36.250000
636 160.627358
1894 461.494720
1708 420.218970
25 5.320000
1029 253.691934
1548 392.302972
11 2.000000
1334 331.943028
376 91.856383
1672 409.874402
1965 492.351145
517 127.943907
510 129.656863
1289 316.479441
708 175.015537
1434 373.315202
1040 266.555769
1732 428.518476
677 161.028065
91 18.626374
1362 324.356094
953 233.374607
266 62.248120
1946 475.787770
754 187.629973
402 100.758706
1919 485.069307
1944 488.042181
1300 319.902308
31 6.741935
1409 343.704755
1429 353.165150
522 131.091954
1460 363.893836
115 29.356522
1951 494.148129
1210 289.219008
1040 249.814423
542 135.863469
575 137.511304
855 214.823392
174 44.235632
845 209.052071
246 56.085366
738 181.840108
1507 375.686131
640 153.946875
157 37.019108
1560 385.585897
343 78.431487
339 85.165192
559 139.550984
866 215.385681
543 137.215470
1832 447.015830
1305 332.861303
1262 317.916006
1175 295.785532
499 122.136273
500 129.022000
1451 364.305996
1405 358.427758
248 61.717742
463 113.146868
1406 347.845661
1218 303.777504
1785 452.600000
867 213.741638
807 200.609665
1335 333.817978
381 97.086614
1668 406.215228
528 128.005682
1894 457.892819
1238 312.695477
483 123.567288
995 251.561809
135 31.829630
1197 288.588137
1300 320.969231
224 51.352679
1807 436.157720
1857 454.631664
111 24.477477
301 76.116279
1737 447.067933
61 13.245902
1693 414.936799
1108 283.025271
382 95.324607
1555 387.553055
1739 430.065555
1885 478.940053
614 151.301303
1635 409.200000
1559 400.028223
1745 437.809742
1159 291.705781
1692 423.902482
679 173.929308
297 71.707071
954 241.476939
1564 388.729540
1086 269.502762
238 50.201681
1848 452.259740
949 238.038988
471 118.341826
159 40.100629
1271 314.045633
1886 473.832450
210 45.609524
1497 365.524382
1611 407.809435
391 98.005115
273 67.065934
1757 432.658509
1880 465.745745
852 209.827465
1700 422.336471
807 191.332094
1165 282.804292
134 33.074627
868 203.464286
939 231.405751
1818 456.267327
940 229.015957
1534 382.655150
95 22.357895
1032 256.251938
554 130.703971
1314 334.700152
750 193.796000
722 177.401662
695 179.372662
123 32.121951
1834 452.120502
307 76.840391
516 125.771318
1642 415.767357
1843 461.940857
867 225.109573
485 119.742268
993 245.329305
1021 254.711068
38 9.368421
850 216.601176
843 209.530249
1464 366.780738
1000 245.890000
91 20.186813
546 133.163004
490 119.961224
104 27.355769
488 124.618852
1007 260.578947
762 184.720472
189 44.259259
1742 420.304248
542 134.839483
841 208.882283
800 195.555000
1922 492.591051
244 61.004098
939 240.185304
1837 468.229722
891 227.980920
65 14.692308
275 68.796364
1142 279.154991
1864 462.878219
230 56.230435
1743 442.530694
103 23.543689
358 86.952514
129 30.046512
1237 295.836702
1236 304.133495
1037 248.981678
1031 260.615907
34 8.500000
155 35.612903
989 242.327604
443 106.313770
242 57.458678
674 174.624629
294 71.465986
812 196.758621
730 178.978082
830 203.995181
1973 502.490623
1339 331.282300
1279 321.245504
557 139.330341
651 159.202765
203 48.497537
764 188.696335
693 169.310245
1605 394.892212
236 57.419492
1494 378.207497
96 22.822917
318 77.594340
1247 305.747394
1912 472.277197
955 235.636649
1 0.000000
1450 364.986897
153 36.385621
1194 294.710218
1952 486.139344
640 160.078125
1519 382.631336
506 123.584980
945 242.989418
959 232.036496
662 161.954683
1792 441.792411
1703 418.371110
1540 387.509091
1068 267.941011
998 246.674349
421 98.422803
836 216.053828
1978 494.992922
1245 318.622490
421 102.805226
1216 309.927632
687 172.717613
748 190.211230
439 114.742597
1294 329.775116
1042 267.580614
1552 385.859536
70 16.257143
1331 325.826446
1876 464.389659
1736 429.516705
559 133.826476
104 24.817308
1358 341.821797
556 133.863309
197 46.111675
1788 439.865213
670 169.113433
439 105.000000
1880 465.446277
846 209.408983
1887 483.368309
661 165.420575
359 88.869081
1942 479.708548
608 152.115132
1454 358.279230
153 37.071895
775 195.761290
765 194.180392
335 82.620896
495 118.165657
599 142.961603
1117 276.634736
370 96.797297
610 158.321311
1540 380.798701
801 203.931336
899 228.533927
1440 370.811806
703 172.957326
1306 321.328484
794 200.688917
1208 299.908113
281 67.758007
847 207.472255
748 188.979947
293 67.409556
659 163.238240
1909 485.707177
1378 341.621190
